0.02 -1.9285
0.05 -2.1282
0.1 -1.6721
0.11 -1.9018
0.14 -2.2052
0.22 -2.1247
0.25 -2.276
0.26 -2.3235
0.28 -2.4533
0.29 -2.6011
0.32 -2.6843
0.36 -2.6164
0.37 -2.6295
0.38 -2.534
0.41 -2.4694
0.44 -2.8563
0.46 -2.6323
0.47 -2.5169
0.49 -2.1424
0.51 -2.3927
0.53 -2.2792
0.54 -2.2145
0.56 -1.8261
0.59 -2.349
0.62 -2.2194
0.63 -2.0308
0.65 -2.0796
0.68 -1.3846
0.69 -1.2821
0.74 -1.0798
0.75 -0.95407
0.76 -0.7086
0.78 -0.92003
0.79 -1.0351
0.85 -0.029974
0.86 -0.15434
0.88 0.15259
0.89 0.74601
0.91 0.42191
0.94 1.262
0.98 1.3785
0.99 1.5768
1.02 1.8156
1.06 1.6588
1.09 2.2643
1.1 2.2447
1.11 2.827
1.12 2.5226
1.13 2.5304
1.15 3.0294
1.16 2.911
1.18 3.3206
1.2 2.9705
1.21 3.2741
1.29 3.9069
1.34 3.7871
1.35 3.5816
1.38 4.0961
1.4 3.6303
1.42 3.6431
1.48 3.6226
1.51 3.4278
1.52 3.6152
1.55 3.0574
1.57 3.1072
1.6 2.5965
1.62 3.0606
1.65 2.5576
1.68 2.4601
1.69 2.9895
1.7 2.0708
1.71 2.1521
1.73 1.864
1.74 2.0621
1.75 1.9081
1.8 2.0388
1.82 2.0241
1.83 2.0335
1.85 1.0993
1.88 1.1686
1.94 1.5054
1.96 1.1052
1.98 1.1321
2.05 1.3491
2.1 1.3033
2.11 0.97158
2.13 1.2301
2.16 0.69322
2.24 0.92947
2.25 1.1209
2.26 0.36078
2.29 0.83212
2.31 0.39956
2.35 0.76763
2.39 0.67615
2.45 0.51817
2.46 0.26809
2.47 0.13227
2.51 -0.2024
2.53 -0.39477
2.56 -0.27925
2.63 -0.66336
2.67 -1.0685
2.68 -1.2715
2.7 -1.4175
2.75 -1.4944
2.76 -1.6406
2.77 -1.8094
2.78 -1.7658
2.79 -1.8661
2.82 -2.2224
2.97 -3.508
2.98 -3.3619
3.05 -3.6623
3.06 -3.8362
3.07 -4.0676
3.08 -3.6654
3.13 -4.0758
3.14 -4.1803
3.15 -3.7299
3.17 -3.9631
3.19 -4.0527
3.2 -3.8173
3.21 -4.2512
3.22 -4.3127
3.23 -3.7095
3.24 -4.1802
3.26 -3.8331
3.28 -3.6348
3.3 -3.8155
3.37 -3.0389
3.38 -3.0375
3.4 -2.9236
3.41 -2.6533
3.43 -2.6783
3.46 -2.599
3.51 -2.372
3.53 -1.9451
3.54 -1.9329
3.57 -1.1569
3.58 -1.2019
3.59 -1.3271
3.6 -1.2678
3.61 -1.2127
3.63 -0.88304
3.64 -0.88582
3.66 -0.67449
3.73 0.016223
3.77 0.17938
3.8 0.3513
3.82 0.082803
3.83 0.90235
3.87 0.46929
3.88 0.43001
3.91 0.39943
3.94 0.81547
3.95 0.82053
4.02 0.75498
4.04 0.56654
4.06 1.1428
4.11 0.91307
4.12 1.0495
4.13 0.77796
4.15 0.50985
4.17 1.0919
4.18 0.76879
4.2 1.2063
4.21 1.109
4.23 0.96086
4.28 0.77013
4.33 1.354
4.34 1.1303
4.37 1.3456
4.39 0.87555
4.4 1.2117
4.41 1.5629
4.42 1.635
4.43 1.5882
4.48 1.6234
4.49 2.2096
4.52 1.9951
4.56 1.9013
4.59 2.5598
4.6 2.2587
4.63 2.6357
4.65 2.7748
4.69 3.1749
4.7 3.168
4.74 2.9857
4.75 3.1947
4.76 3.3249
4.79 3.104
4.8 3.3764
4.82 3.2714
4.84 3.6905
4.85 3.2943
4.87 3.8424
4.9 3.6692
4.91 3.7371
4.94 3.6824
