0 1.8495
0.02 1.9495
0.03 1.8658
0.07 1.8991
0.1 1.7146
0.12 1.7558
0.15 1.869
0.2 1.6932
0.24 1.8056
0.28 1.7594
0.29 1.4954
0.31 1.5787
0.32 1.567
0.36 1.6827
0.38 1.5787
0.4 1.6082
0.43 1.4594
0.44 1.286
0.45 1.4011
0.53 1.4995
0.56 1.1993
0.61 1.0991
0.69 1.0518
0.71 0.95837
0.72 1.2943
0.76 0.99042
0.77 1.1426
0.79 0.8877
0.83 0.76011
0.87 0.87901
0.88 0.93817
0.89 0.82601
0.91 0.74469
0.92 0.93315
0.94 0.67703
1.03 0.47048
1.05 0.83132
1.06 0.5624
1.07 0.62215
1.09 0.36421
1.18 0.40071
1.2 0.36794
1.25 0.29099
1.26 0.17912
1.27 0.25116
1.28 0.33952
1.29 0.4685
1.37 0.3167
1.38 0.29158
1.39 0.045781
1.4 0.093727
1.41 0.23441
1.42 0.089676
1.44 0.092013
1.52 0.082879
1.54 -0.039593
1.55 0.098646
1.56 0.10542
1.6 -0.083984
1.61 -0.018721
1.62 0.11898
1.66 -0.11788
1.67 -0.061295
1.7 -0.1709
1.71 -0.11296
1.73 -0.19783
1.76 -0.27045
1.78 -0.30354
1.8 -0.2115
1.83 -0.34662
1.84 -0.2591
1.87 -0.29244
1.88 -0.21347
1.9 -0.15654
1.91 -0.30276
1.92 -0.14133
1.96 -0.069136
1.97 -0.44392
2 -0.28881
2.04 -0.26323
2.05 -0.15705
2.14 -0.34286
2.15 -0.51792
2.17 -0.33981
2.18 -0.3189
2.19 -0.35757
2.2 -0.42248
2.26 -0.47387
2.28 -0.34651
2.29 -0.4244
2.34 -0.37298
2.36 -0.3453
2.38 -0.35759
2.39 -0.40005
2.41 -0.42081
2.45 -0.46822
2.49 -0.47839
2.69 -0.25647
2.72 -0.4277
2.76 -0.2415
2.8 -0.27633
2.81 -0.10168
2.83 -0.16204
2.84 -0.38808
2.86 -0.28477
2.87 -0.18201
2.9 -0.16275
2.91 -0.17444
2.93 -0.30247
2.98 -0.22384
3 -0.032852
3.04 -0.084301
3.11 -0.15061
3.13 -0.21773
3.15 -0.10511
3.16 0.042294
3.19 0.1139
3.21 0.052471
3.22 0.28076
3.26 0.15113
3.28 0.13728
3.31 0.15685
3.32 0.33597
3.33 0.31449
3.38 0.35005
3.39 0.37164
3.4 0.40196
3.45 0.33079
3.46 0.2014
3.48 0.4953
3.49 0.50343
3.5 0.29793
3.52 0.34999
3.56 0.44968
3.57 0.66175
3.6 0.67323
3.61 0.49634
3.62 0.51083
3.64 0.40524
3.66 0.59325
3.67 0.67719
3.69 0.76938
3.72 0.64246
3.79 0.93383
3.8 0.66092
3.82 0.85859
3.83 0.7804
3.85 0.76492
3.88 1.0904
3.89 0.83701
3.91 1.0583
3.92 1.0226
3.95 0.91561
4 1.0313
4.02 1.1375
4.04 1.0891
4.05 0.97811
4.07 1.0878
4.08 1.2944
4.09 1.4371
4.1 1.4774
4.15 1.1459
4.17 1.1819
4.19 1.3868
4.2 1.3834
4.23 1.4854
4.24 1.5247
4.26 1.3216
4.3 1.5513
4.31 1.5968
4.34 1.5409
4.37 1.6599
4.39 1.4983
4.42 1.6681
4.43 1.9429
4.45 1.7849
4.46 1.6355
4.5 1.6526
4.51 1.8373
4.57 1.8927
4.58 1.7599
4.59 1.7568
4.6 1.7215
4.61 1.9342
4.63 1.6959
4.66 1.8617
4.68 1.8027
4.69 2.0073
4.7 2.0732
4.71 1.9291
4.73 1.9174
4.76 2.0925
4.82 2.1545
4.86 2.0963
4.87 2.2781
4.88 2.1235
4.91 1.9131
4.93 2.3341
4.94 2.3344
4.96 2.1321
