0 7.63
0.04 0.41177
0.05 7.5179
0.09 -2.7206
0.11 5.6382
0.12 -0.10478
0.13 1.2051
0.15 -0.25676
0.16 1.338
0.18 -3.7724
0.2 -0.8071
0.22 -7.8585
0.23 0.050393
0.29 -3.7127
0.3 -9.6591
0.31 -6.4484
0.34 -6.1416
0.35 -3.3374
0.43 -6.2369
0.46 3.6547
0.47 -4.34
0.48 0.055677
0.49 1.7607
0.5 1.0501
0.55 1.589
0.56 -0.047897
0.57 5.9353
0.67 9.6186
0.68 3.4933
0.69 2.9614
0.7 3.0874
0.75 0.16516
0.76 -0.43701
0.78 0.16897
0.79 -2.6381
0.82 -9.6503
0.85 -7.5207
0.88 -4.7151
0.89 -5.5519
0.9 -2.5739
0.92 -5.8921
0.93 -3.4629
0.97 -5.3401
0.98 -8.1912
1.06 -3.0528
1.08 -5.1556
1.09 -3.6754
1.1 1.0188
1.12 -0.95917
1.22 1.6396
1.23 6.223
1.26 -2.5058
1.27 5.1429
1.3 1.5607
1.32 1.0437
1.33 -0.29998
1.35 2.8106
1.36 -0.86184
1.4 -2.5893
1.43 -4.0359
1.46 -8.1261
1.49 -12.636
1.5 -12.161
1.51 -9.6468
1.59 -11.468
1.61 -5.5954
1.63 -3.5293
1.64 -11.176
1.65 -7.5554
1.67 -5.2439
1.68 -10.928
1.69 -5.6984
1.7 -7.3086
1.73 -7.0706
1.76 -7.0376
1.85 -0.076911
1.87 0.7874
1.9 0.66763
1.92 -3.1073
2.08 -11.501
2.13 -12.956
2.14 -19.144
2.16 -14.403
2.17 -18.161
2.19 -15.663
2.21 -15.455
2.23 -15.961
2.24 -10.948
2.25 -10.494
2.26 -8.0492
2.3 -11.792
2.31 -15.899
2.33 -11.864
2.34 -9.5839
2.41 -6.5868
2.45 -7.8753
2.47 -15.413
2.51 -6.6162
2.53 -10.349
2.55 -5.8436
2.57 -11.48
2.58 -10.517
2.6 -13.154
2.65 -19.339
2.66 -15.665
2.68 -21.698
2.69 -18.353
2.7 -17.855
2.71 -15.239
2.76 -21.006
2.77 -23.185
2.78 -19.574
2.83 -23.476
2.85 -23.658
2.86 -23.517
2.91 -19.915
2.95 -29.172
2.96 -22.291
3.02 -22.121
3.03 -18.382
3.04 -21.803
3.13 -15.914
3.14 -15.45
3.16 -16.434
3.17 -15.962
3.18 -21.577
3.19 -19.685
3.21 -19.251
3.23 -17.924
3.25 -24.618
3.28 -21.461
3.3 -27.505
3.32 -27.756
3.33 -28.137
3.35 -30.037
3.39 -29.073
3.4 -29.107
3.41 -31.4
3.44 -34.856
3.45 -32.101
3.48 -36.17
3.55 -36.469
3.56 -27.99
3.63 -30.328
3.64 -30.649
3.65 -28.338
3.66 -31.149
3.67 -31.483
3.7 -30.975
3.73 -35.19
3.76 -35.286
3.78 -33.369
3.85 -34.844
3.86 -35.943
3.88 -36.861
3.89 -40.931
3.93 -36.259
3.96 -39.226
4 -41.245
4.01 -47.887
4.03 -43.933
4.04 -48.964
4.05 -47.278
4.06 -47.841
4.11 -45.548
4.13 -41.202
4.14 -42.156
4.15 -45.701
4.16 -47.569
4.17 -46.365
4.19 -46.141
4.26 -46.342
4.28 -36.594
4.29 -42.792
4.33 -44.505
4.37 -37.997
4.38 -40.576
4.41 -45.86
4.42 -43.636
4.43 -42.594
4.46 -42.266
4.53 -47.287
4.54 -50.801
4.55 -53.695
4.58 -54.046
4.59 -55.099
4.63 -55.839
4.66 -58.691
4.67 -58.01
4.72 -59.858
4.75 -58.917
4.77 -61.176
4.78 -63.523
4.83 -53.308
4.87 -56.992
4.89 -57.481
4.94 -51.315
4.96 -51.047
4.98 -51.75
4.99 -55.356
