0 0.27508
0.02 0.32635
0.03 -0.28093
0.05 0.10561
0.07 -0.047127
0.08 0.1195
0.11 0.086129
0.13 -0.21598
0.15 0.032885
0.18 0.051815
0.2 0.16895
0.22 0.17562
0.27 0.33495
0.28 0.23045
0.33 0.51935
0.35 0.62735
0.38 0.41132
0.39 0.14202
0.41 0.30096
0.44 0.58384
0.49 0.86367
0.5 0.50847
0.52 0.4678
0.53 0.55787
0.55 0.21822
0.57 0.66205
0.59 0.58581
0.61 0.48588
0.64 0.44348
0.68 0.47105
0.69 0.21161
0.71 0.4521
0.73 -0.0086814
0.76 0.071767
0.78 0.50514
0.79 0.50231
0.81 0.56317
0.84 0.029712
0.85 0.35145
0.88 0.092569
0.89 -0.27497
0.96 -0.22766
0.98 -0.41153
0.99 -0.31637
1.05 -0.57104
1.06 -0.67901
1.07 -0.76063
1.1 -0.85087
1.18 -1.1356
1.2 -1.0219
1.24 -1.3244
1.29 -1.1932
1.3 -1.411
1.37 -1.3229
1.39 -1.2492
1.48 -0.32904
1.5 -0.62796
1.51 -0.30631
1.54 0.10559
1.58 0.50634
1.59 0.40147
1.62 0.88468
1.64 0.89954
1.69 1.2466
1.71 1.5683
1.74 1.8362
1.76 1.7581
1.85 1.3405
1.92 1.0614
1.93 0.55128
1.95 0.91734
1.98 0.37928
1.99 -0.12978
2 -0.13027
2.02 -0.45843
2.03 -1.1383
2.04 -1.1103
2.09 -2.0561
2.11 -1.6252
2.15 -2.3142
2.16 -2.2835
2.17 -2.4536
2.19 -1.9156
2.23 -1.7757
2.24 -1.9782
2.25 -1.474
2.27 -1.362
2.28 -0.78517
2.29 -1.1307
2.32 -0.55886
2.33 -0.31272
2.34 0.26569
2.39 1.2655
2.41 1.6294
2.42 1.5314
2.44 2.1768
2.45 1.9398
2.47 2.4249
2.48 2.427
2.5 2.6097
2.51 2.3288
2.52 2.6228
2.57 2.1402
2.58 1.902
2.62 1.1367
2.63 1.1037
2.67 -0.28753
2.7 -0.90127
2.72 -1.5941
2.73 -2.0061
2.74 -2.3952
2.78 -2.3162
2.79 -2.7049
2.81 -2.8871
2.82 -2.727
2.86 -2.0962
2.93 -0.26992
2.99 1.872
3 2.0335
3.03 2.7535
3.04 3.0494
3.05 3.2105
3.06 2.8577
3.19 0.096193
3.2 -0.057237
3.21 -0.477
3.22 -1.3694
3.23 -1.3494
3.24 -1.6749
3.26 -2.7811
3.27 -2.7975
3.32 -3.5882
3.36 -2.8582
3.37 -2.1796
3.39 -1.6037
3.44 0.15964
3.45 0.62404
3.49 2.386
3.51 3.0833
3.55 3.6881
3.56 3.1834
3.57 3.2303
3.59 2.9071
3.6 2.6516
3.62 1.4234
3.64 0.32558
3.65 0.54435
3.67 -1.1095
3.68 -1.3397
3.7 -2.2765
3.72 -3.3079
3.8 -3.1354
3.87 0.64313
3.88 0.99614
3.92 3.05
3.94 3.7143
3.96 4.2148
3.97 4.1101
4.03 1.9183
4.06 0.067293
4.07 -0.52493
4.1 -2.6421
4.11 -2.5847
4.12 -3.4679
4.14 -3.8889
4.16 -4.5463
4.23 -1.4096
4.25 -0.17234
4.29 2.7958
4.3 3.1759
4.31 3.8125
4.32 4.0596
4.34 4.2598
4.35 4.0193
4.36 3.8697
4.38 3.6032
4.39 2.625
4.4 2.3833
4.43 0.1733
4.44 -0.85379
4.47 -2.9042
4.51 -4.5628
4.52 -4.7825
4.55 -3.8013
4.56 -3.5839
4.6 -0.51646
4.64 2.6084
4.67 4.3267
4.68 4.4949
4.7 4.7442
4.71 4.18
4.73 3.7354
4.75 1.7833
4.8 -2.4691
4.85 -5.0871
4.89 -3.4974
4.9 -3.0854
4.94 0.48301
4.97 3.1188
4.99 4.4391
