-0.999 -0.068 -8.821
-0.998 0.073 -9.8728
-0.995 -0.051 -8.4961
-0.994 -0.676 -6.3401
-0.992 -0.124 -8.4411
-0.985 -0.544 -6.5249
-0.983 -0.76 -6.5809
-0.982 -0.783 -6.5307
-0.982 0.074 -9.5262
-0.977 -0.451 -8.7021
-0.976 0.485 -11.109
-0.974 -0.542 -8.2516
-0.974 -0.218 -8.797
-0.973 -0.112 -9.9375
-0.969 -0.182 -8.2955
-0.969 -0.172 -7.8923
-0.964 -0.983 -6.0415
-0.964 0.05 -7.9744
-0.963 0.197 -8.9574
-0.963 0.801 -12.898
-0.962 -0.897 -6.8194
-0.961 0.655 -11.25
-0.961 0.906 -12.339
-0.96 -0.046 -9.1675
-0.96 0.772 -10.918
-0.957 -0.906 -7.0804
-0.957 -0.753 -6.999
-0.956 -0.955 -6.6316
-0.953 -0.358 -8.4052
-0.953 0.41 -10.678
-0.951 0.731 -11.834
-0.95 -0.655 -6.9339
-0.95 -0.133 -8.5628
-0.95 0.56 -10.846
-0.949 0.682 -10.972
-0.948 0.029 -9.7104
-0.947 0.392 -10.371
-0.945 -0.265 -9.0266
-0.941 0.987 -12.221
-0.939 -0.714 -7.8587
-0.939 -0.636 -8.0022
-0.937 -0.583 -8.1318
-0.937 -0.267 -9.2144
-0.937 -0.125 -9.6477
-0.937 -0.094 -8.7841
-0.935 -0.276 -9.0392
-0.93 0.527 -11.496
-0.927 0.496 -11.921
-0.926 -0.076 -9.3512
-0.925 -0.299 -7.6914
-0.921 0.886 -11.52
-0.919 0.295 -10.365
-0.918 -0.527 -8.2433
-0.917 0.371 -10.736
-0.916 -0.33 -7.9291
-0.916 -0.015 -9.7888
-0.914 0.775 -12.745
-0.913 0.087 -10.209
-0.911 -0.61 -8.2269
-0.911 0.249 -9.6701
-0.907 0.777 -13.408
-0.905 -0.444 -9.5348
-0.903 0.899 -12.628
-0.901 -0.528 -9.5223
-0.896 -0.18 -9.1574
-0.896 0.947 -13.785
-0.891 0.983 -13.622
-0.89 -0.675 -8.9616
-0.889 0.692 -11.267
-0.886 -0.136 -10.302
-0.885 0.514 -12.305
-0.883 -0.713 -8.3009
-0.883 0.951 -13.139
-0.882 -0.628 -8.1678
-0.881 -0.149 -10.035
-0.879 -0.968 -7.817
-0.875 -0.165 -9.9751
-0.874 0.189 -11.381
-0.873 -0.593 -9.0353
-0.871 -0.939 -8.204
-0.865 0.535 -12.968
-0.859 0.407 -12.657
-0.857 -0.439 -9.4272
-0.857 -0.329 -10.118
-0.856 -0.027 -10.565
-0.855 -0.19 -10.476
-0.855 0.123 -11.236
-0.855 0.299 -11.411
-0.854 -0.123 -10.54
-0.851 -0.051 -10.078
-0.849 0.315 -10.694
-0.848 0.102 -10.346
-0.848 0.831 -12.558
-0.84 -0.508 -8.9661
-0.84 -0.246 -9.5621
-0.84 0.064 -10.534
-0.836 -0.766 -8.7121
-0.836 0.779 -12.902
-0.835 0.525 -11.95
-0.833 0.553 -11.188
-0.831 0.022 -9.9415
-0.829 0.593 -11.725
-0.825 -0.454 -9.3678
-0.824 -0.825 -9.2497
-0.824 -0.784 -8.303
-0.824 -0.731 -8.8604
-0.822 0.71 -12.555
-0.821 0.205 -11.016
-0.819 0.078 -10.476
-0.819 0.867 -11.937
-0.815 0.556 -11.945
-0.814 0.982 -12.755
-0.808 -0.825 -8.5303
-0.808 -0.595 -9.256
-0.805 -0.451 -9.8683
-0.804 -0.708 -8.6282
-0.803 -0.89 -8.422
-0.803 0.288 -11.943
-0.8 0.599 -12.026
-0.799 -0.883 -9.1962
-0.795 -0.681 -8.397
-0.788 0.369 -11.617
-0.786 0.484 -11.646
-0.783 -0.955 -8.0892
-0.782 -0.173 -10.363
-0.782 0.342 -11.846
-0.782 0.894 -11.605
-0.781 -0.082 -10.485
-0.781 0.512 -11.503
-0.78 0.086 -10.421
-0.777 0.354 -11.635
-0.774 -0.736 -8.1235
-0.772 -0.444 -8.989
-0.772 -0.029 -9.9413
-0.772 0.335 -11.245
-0.768 0.327 -10.893
-0.768 0.422 -10.686
-0.767 0.417 -11.71
-0.766 -0.777 -8.1849
-0.763 -0.28 -9.6983
-0.763 -0.207 -9.4642
-0.763 0.276 -11.217
-0.761 -0.934 -8.7881
-0.76 -0.832 -8.3135
-0.76 -0.412 -8.9529
-0.758 -0.996 -8.2325
-0.758 -0.697 -7.4227
-0.758 0.226 -10.928
-0.755 0.175 -9.8761
-0.753 0.03 -10.85
-0.753 0.306 -12.158
-0.752 0.469 -11.132
-0.752 0.623 -10.647
-0.752 0.957 -13.046
-0.748 0.205 -10.602
-0.746 -0.729 -8.4859
-0.746 -0.628 -7.8412
-0.744 -0.593 -7.8443
-0.743 0.354 -12.378
-0.742 0.813 -11.507
-0.738 -0.406 -9.1428
-0.737 -0.392 -8.6324
-0.733 -0.166 -9.8646
-0.729 0.098 -10.315
-0.728 -0.67 -7.6476
-0.726 0.036 -9.8667
-0.726 0.779 -10.966
-0.725 0.899 -10.977
-0.723 -0.689 -7.8296
-0.721 -0.915 -7.635
-0.721 -0.605 -8.7804
-0.717 0.17 -9.6885
-0.717 0.365 -10.282
-0.716 0.269 -10.035
-0.715 -0.496 -7.9583
-0.713 0.429 -10.944
-0.711 0.658 -9.8768
-0.709 -0.37 -8.4943
-0.706 -0.339 -8.4539
-0.706 0.811 -11.814
-0.705 -0.691 -7.8229
-0.705 -0.384 -8.7112
-0.704 0.643 -10.431
-0.702 0.364 -9.5819
-0.702 0.69 -9.0439
-0.694 0.622 -10.681
-0.693 -0.378 -8.2389
-0.689 0.937 -9.5537
-0.687 -0.523 -7.0976
-0.685 -0.062 -7.7981
-0.683 -0.264 -7.6188
-0.683 0.294 -10.309
-0.68 0.732 -10.733
-0.664 -0.612 -6.2554
-0.663 0.821 -8.7109
-0.655 0.343 -7.8461
-0.651 0.308 -7.5705
-0.65 -0.461 -5.9289
-0.649 -0.356 -6.6887
-0.648 -0.759 -6.1616
-0.644 -0.751 -5.8743
-0.644 0.792 -9.0021
-0.644 0.972 -10.293
-0.643 -0.346 -6.1617
-0.641 0.237 -8.442
-0.636 -0.976 -4.9956
-0.636 0.61 -8.3616
-0.633 -0.932 -5.8033
-0.631 0.634 -8.021
-0.629 -0.675 -5.9872
-0.628 0.123 -7.8543
-0.627 -0.935 -4.9486
-0.625 0.902 -8.5622
-0.624 0.352 -8.1199
-0.618 -0.882 -4.4161
-0.615 -0.052 -6.8282
-0.612 -0.391 -5.815
-0.61 -0.006 -6.4463
-0.61 0.656 -7.0458
-0.609 -0.674 -5.3046
-0.609 0.614 -7.2873
-0.608 -0.687 -5.9585
-0.607 -0.376 -5.837
-0.607 0.885 -6.728
-0.6 -0.837 -4.7099
-0.6 0.136 -4.7978
-0.599 -0.444 -5.7177
-0.597 -0.523 -5.4398
-0.597 0.406 -6.366
-0.596 0.172 -6.6718
-0.595 0.103 -6.0316
-0.592 0.262 -6.2532
-0.582 -0.616 -4.5056
-0.582 -0.457 -5.4275
-0.581 0.436 -5.3871
-0.578 -0.797 -4.0987
-0.577 0.148 -4.8837
-0.576 0.733 -6.8813
-0.573 -0.666 -4.0329
-0.572 -0.963 -3.626
-0.569 -0.661 -3.769
-0.568 0.736 -7.0811
-0.565 0.716 -3.5897
-0.564 -0.925 -2.7784
-0.564 -0.265 -4.6721
-0.563 0.576 -5.6484
-0.563 0.935 -7.5651
-0.56 -0.749 -3.4035
-0.559 0.455 -4.3215
-0.556 0.459 -5.3577
-0.555 0.029 -4.7184
-0.554 -0.956 -3.5504
-0.552 -0.681 -3.5449
-0.551 -0.768 -2.1584
-0.548 0.232 -5.3452
-0.546 -0.019 -4.536
-0.545 0.233 -5.1655
-0.544 -0.543 -3.1276
-0.542 -0.101 -4.3173
-0.538 0.563 -4.8333
-0.537 -0.687 -2.8981
-0.537 0.826 -6.523
-0.532 0.566 -5.0808
-0.53 -0.975 -1.7094
-0.529 -0.221 -2.5891
-0.528 -0.407 -3.1986
-0.528 0.205 -3.9219
-0.525 -0.312 -3.4719
-0.524 -0.648 -2.507
-0.524 -0.124 -2.8132
-0.522 0.125 -4.2125
-0.521 -0.726 -2.1893
-0.521 0.626 -4.4625
-0.52 -0.16 -3.0888
-0.52 0.647 -5.3676
-0.514 -0.091 -3.468
-0.512 -0.585 -2.2992
-0.51 -0.366 -2.9905
-0.508 -0.687 -2.415
-0.508 0.385 -5.1128
-0.506 -0.881 -1.5745
-0.505 0.633 -4.7775
-0.503 0.128 -2.4197
-0.501 -0.963 -1.5618
-0.5 -0.735 -2.0057
-0.5 0.691 -4.193
-0.499 0.778 -3.595
-0.494 0.744 -3.6004
-0.493 0.718 -4.2429
-0.492 0.779 -4.6245
-0.488 -0.247 -3.147
-0.487 -0.65 -2.8443
-0.484 -0.259 -3.1672
-0.481 0.75 -4.3813
-0.48 -0.383 -2.2955
-0.48 -0.377 -2.6277
-0.479 0.397 -2.7706
-0.474 -0.266 -2.422
-0.468 0.62 -4.0911
-0.467 -0.226 -2.5836
-0.466 -0.915 -1.656
-0.464 0.332 -3.7598
-0.458 -0.316 -1.8912
-0.458 0.541 -2.6359
-0.454 -0.264 -2.447
-0.453 -0.93 -2.1732
-0.453 0.017 -3.2659
-0.452 -0.452 -1.7261
-0.45 0.547 -3.5795
-0.449 0.279 -4.2128
-0.449 0.315 -3.1205
-0.448 0.198 -2.4844
-0.447 -0.842 -1.0594
-0.446 0.094 -2.7512
-0.442 -0.163 -2.4337
-0.44 -0.314 -2.2754
-0.44 0.312 -2.3348
-0.438 0.582 -2.4407
-0.434 0.238 -2.9405
-0.432 0.214 -3.0778
-0.429 0.205 -1.7617
-0.427 0.765 -2.4389
-0.426 -0.571 -1.2617
-0.42 0.476 -2.595
-0.419 -0.504 -2.5025
-0.418 -0.171 -2.3323
-0.417 -0.132 -2.1087
-0.413 0.276 -2.3719
-0.409 -0.92 -1.7415
-0.409 0.749 -3.2976
-0.408 -0.211 -2.7938
-0.407 -0.537 -1.7553
-0.407 0.319 -3.489
-0.405 0.762 -3.7595
-0.402 0.877 -1.5156
-0.399 0.216 -2.6449
-0.398 -0.586 -1.8949
-0.396 0.133 -2.1221
-0.395 -0.718 -1.8026
-0.395 -0.101 -2.2362
-0.394 -0.326 -2.5438
-0.393 0.139 -3.0715
-0.392 0.686 -2.5428
-0.387 -0.587 -1.7811
-0.386 -0.574 -1.0096
-0.383 -0.439 -2.1747
-0.383 0.91 -3.6401
-0.381 0.921 -2.7891
-0.373 -0.597 -2.3865
-0.367 -0.72 -2.0742
-0.366 -0.642 -1.9496
-0.363 0.782 -2.222
-0.361 -0.887 -1.608
-0.357 -0.424 -2.0749
-0.357 0.035 -2.1706
-0.355 -0.117 -2.0166
-0.354 0.686 -3.6773
-0.354 0.933 -3.5141
-0.352 0.354 -3.7357
-0.351 -0.835 -1.3482
-0.351 0.38 -3.9837
-0.349 -0.97 -1.1465
-0.348 -0.792 -1.8684
-0.348 0.408 -2.8232
-0.342 0.11 -2.2591
-0.342 0.614 -2.9053
-0.34 -0.504 -1.4579
-0.339 0.583 -3.4205
-0.338 0.786 -4.3722
-0.331 -0.299 -2.2512
-0.331 0.829 -2.6906
-0.33 -0.354 -1.526
-0.329 -0.602 -2.8232
-0.328 -0.387 -1.8032
-0.324 -0.568 -1.2396
-0.319 -0.808 -1.5096
-0.317 0.414 -2.8686
-0.314 0.32 -2.5947
-0.311 -0.271 -2.2365
-0.308 0.24 -2.7638
-0.306 -0.833 -1.8752
-0.305 0.842 -4.8708
-0.303 -0.752 -2.3344
-0.303 0.431 -3.1161
-0.294 0.697 -2.8009
-0.293 0.468 -4.1386
-0.29 0.347 -1.7043
-0.289 0.386 -4.1375
-0.284 -0.123 -2.2883
-0.282 0.536 -3.1007
-0.281 -0.239 -2.1443
-0.28 0.921 -3.7924
-0.276 -0.093 -2.6369
-0.275 -0.33 -2.9364
-0.274 0.734 -2.9984
-0.268 -0.446 -2.6283
-0.263 -0.327 -2.3026
-0.263 0.326 -2.7826
-0.262 0.646 -3.639
-0.261 0.807 -3.7927
-0.254 0.352 -2.7378
-0.252 0.462 -2.6611
-0.246 -0.409 -3.3629
-0.245 0.8 -3.7983
-0.244 0.896 -3.4007
-0.238 0.373 -3.5034
-0.238 0.647 -3.006
-0.236 0.567 -4.7246
-0.235 -0.182 -3.0513
-0.234 0.941 -4.3709
-0.231 -0.614 -3.592
-0.23 -0.318 -2.4053
-0.23 0.853 -4.5496
-0.229 -0.895 -2.3402
-0.228 -0.718 -3.6725
-0.228 0.141 -2.3208
-0.228 0.994 -3.8064
-0.225 0.223 -3.5544
-0.224 -0.331 -3.0125
-0.224 0.03 -3.0275
-0.22 0.915 -3.1556
-0.219 -0.666 -2.8338
-0.218 -0.758 -3.4244
-0.216 0.724 -3.2367
-0.215 -0.958 -3.3173
-0.212 0.236 -2.819
-0.211 0.028 -3.2559
-0.21 0.368 -2.3264
-0.209 -0.646 -3.1186
-0.204 0.101 -2.0687
-0.204 0.494 -3.2728
-0.202 0.706 -4.2324
-0.202 0.878 -2.8337
-0.2 0.276 -1.8676
-0.198 -0.008 -3.1222
-0.197 -0.786 -2.5351
-0.194 -0.779 -2.1551
-0.19 0.308 -3.473
-0.19 0.41 -2.8882
-0.187 0.537 -3.3223
-0.185 -0.208 -3.0277
-0.178 -0.23 -2.7612
-0.177 0.106 -2.7841
-0.176 0.935 -4.7895
-0.173 0.144 -2.6633
-0.169 0.501 -4.3203
-0.168 0.779 -3.6259
-0.165 -0.122 -2.9783
-0.162 -0.185 -2.8665
-0.16 -0.566 -2.3461
-0.157 -0.657 -1.9705
-0.157 -0.619 -2.4319
-0.153 -0.402 -2.576
-0.151 0.287 -3.4681
-0.148 0.491 -2.9946
-0.147 -0.032 -1.2874
-0.147 0.706 -2.2315
-0.143 0.17 -2.7244
-0.142 -0.334 -2.6922
-0.141 0.53 -1.7767
-0.139 -0.563 -1.8111
-0.136 -0.167 -1.9994
-0.131 -0.564 -1.7749
-0.128 -0.512 -2.6993
-0.119 0.893 -2.2297
-0.118 -0.134 -1.998
-0.117 -0.476 -2.2966
-0.117 0.461 -1.8511
-0.114 -0.091 -1.6246
-0.113 -0.855 -1.9345
-0.112 -0.817 -1.5896
-0.111 -0.985 -2.0965
-0.108 0.024 -2.123
-0.106 0.941 -1.5089
-0.105 0.523 -2.1034
-0.104 -0.454 -2.0094
-0.098 0.78 -1.817
-0.097 0.746 -1.3949
-0.096 -0.006 -1.002
-0.092 -0.526 -1.898
-0.091 -0.903 -1.6416
-0.09 0.378 -0.67616
-0.088 -0.802 -0.39706
-0.086 -0.388 -1.3855
-0.085 -0.733 -1.6782
-0.083 -0.852 -1.2699
-0.083 0.749 -0.84459
-0.08 -0.57 -0.24893
-0.077 0.059 -1.0845
-0.075 0.428 -0.96406
-0.074 0.11 -1.2866
-0.073 -0.578 -0.93583
-0.07 0.77 -0.94463
-0.069 -0.123 -1.5124
-0.064 -0.506 -0.9655
-0.062 -0.689 -0.4112
-0.062 -0.551 -0.9026
-0.062 -0.501 -0.51858
-0.061 0.625 -0.36771
-0.052 -0.227 -0.87569
-0.051 -0.078 -0.71561
-0.049 0.699 -1.2463
-0.048 0.747 0.15809
-0.047 0.038 -1.1931
-0.045 -0.889 0.31821
-0.042 -0.536 -0.85819
-0.042 0.63 -0.067009
-0.038 -0.504 -0.53637
-0.033 -0.785 0.94767
-0.029 -0.65 0.51426
-0.026 -0.532 0.31865
-0.025 0.18 0.010501
-0.016 0.3 0.191
-0.015 0.793 -0.43462
-0.012 -0.912 1.4211
-0.011 -0.528 0.0097421
-0.009 0.947 0.31597
-0.008 0.827 0.44865
-0.007 -0.452 0.70981
-0.003 -0.668 0.79936
-0.001 0.229 1.2865
0 -0.978 1.317
0 0.393 1.9956
0.003 -0.113 1.0973
0.006 0.973 1.1875
0.007 0.469 0.64591
0.008 0.668 0.90735
0.014 0.409 1.5338
0.019 -0.013 1.4592
0.022 0.164 1.2805
0.023 0.671 2.6552
0.026 0.294 0.76785
0.027 -0.093 1.753
0.028 -0.954 1.9713
0.028 0.071 1.691
0.031 0.923 0.66102
0.036 -0.865 3.0541
0.036 -0.116 2.5244
0.037 0.18 1.326
0.038 -0.238 2.4495
0.039 -0.325 1.9033
0.04 -0.323 2.9823
0.041 -0.407 1.9857
0.047 -0.312 3.0157
0.054 -0.215 2.6673
0.056 0.616 3.5184
0.058 0.193 2.4608
0.064 -0.884 2.7304
0.064 0.619 3.1323
0.066 0.94 1.7634
0.067 -0.375 2.4511
0.068 0.024 3.4576
0.07 0.743 3.4501
0.07 0.906 3.6031
0.073 -0.243 2.8026
0.075 -0.964 3.555
0.078 0.187 2.8199
0.078 0.922 4.7676
0.079 -0.624 2.6255
0.083 0.156 3.8257
0.084 0.106 3.2324
0.084 0.358 2.5491
0.09 -0.532 3.2761
0.09 -0.461 3.7328
0.09 0.725 3.5427
0.092 -0.319 3.1211
0.096 -0.875 3.3932
0.098 -0.1 2.9296
0.1 0.332 3.4835
0.101 -0.309 3.4004
0.102 0.65 3.5165
0.103 -0.522 3.5477
0.103 0.528 3.2136
0.104 -0.791 3.0521
0.104 -0.406 3.6028
0.104 0.087 3.4137
0.111 -0.138 4.3331
0.113 -0.838 3.7687
0.113 0.289 3.061
0.118 -0.028 4.025
0.124 0.949 4.1375
0.132 0.326 3.091
0.136 0.462 3.9942
0.139 0.815 3.8418
0.14 -0.324 3.551
0.142 -0.976 3.6777
0.145 0.201 4.2003
0.147 -0.618 4.0056
0.149 -0.861 4.18
0.149 -0.119 3.6727
0.15 0.212 4.2448
0.15 0.46 5.53
0.15 0.801 4.7544
0.151 -0.757 3.2197
0.151 0.794 3.5523
0.153 -0.532 3.5765
0.155 -0.387 4.0766
0.157 -0.055 3.8739
0.168 -0.645 3.9104
0.169 0.654 4.1697
0.171 0.872 6.2127
0.172 0.475 5.7558
0.172 0.798 5.9293
0.173 0.425 5.0816
0.175 -0.62 4.5821
0.175 0.88 5.1202
0.176 -0.926 4.2878
0.178 -0.527 3.9165
0.178 -0.026 4.6332
0.178 0.12 4.3393
0.178 0.153 4.6852
0.179 0.261 5.2263
0.181 0.922 4.7091
0.184 -0.36 4.9461
0.187 -0.611 4.5862
0.189 -0.194 4.7963
0.189 -0.039 4.0524
0.19 -0.411 4.5464
0.191 -0.634 4.8439
0.197 -0.373 3.8686
0.198 0.766 5.065
0.2 -0.967 4.4156
0.203 -0.72 4.6743
0.204 0.742 6.3015
0.205 0.094 5.0074
0.206 -0.279 4.5179
0.208 -0.971 4.3553
0.208 0.891 4.347
0.217 0.545 4.3975
0.221 -0.812 3.6978
0.222 -0.646 3.682
0.226 -0.765 4.4765
0.231 -0.271 4.0689
0.233 0.955 4.1711
0.234 0.882 6.6
0.239 0.848 4.2288
0.24 0.648 4.3145
0.242 0.063 4.595
0.243 -0.656 3.6
0.243 0.904 4.9009
0.246 -0.874 3.4428
0.246 0.971 6.153
0.248 0.461 5.1255
0.249 0.516 5.2555
0.25 0.02 3.7728
0.251 -0.867 3.2653
0.253 -0.518 2.9866
0.253 -0.399 4.659
0.254 0.541 5.6783
0.255 -0.976 3.5137
0.255 -0.106 4.744
0.256 0.355 5.0722
0.256 0.8 5.3063
0.257 -0.876 4.116
0.259 0.391 4.2976
0.261 -0.51 3.878
0.264 -0.442 2.9647
0.267 0.74 4.0835
0.269 -0.155 3.4952
0.273 -0.375 3.6075
0.274 -0.453 3.7342
0.275 0.359 4.501
0.275 0.804 3.021
0.279 0.618 3.37
0.283 -0.852 3.1969
0.287 -0.371 3.0105
0.289 -0.447 4.4472
0.29 -0.272 4.0796
0.29 0.267 3.5847
0.296 0.269 4.1843
0.304 -0.691 2.9417
0.304 -0.586 3.0559
0.304 0.202 4.9463
0.307 0.387 3.5647
0.307 0.635 2.7835
0.308 0.532 2.9294
0.309 0.134 3.9893
0.314 -0.798 2.7001
0.315 -0.262 2.6856
0.321 -0.449 2.2032
0.322 0.669 4.2026
0.323 -0.425 3.1667
0.323 -0.106 3.449
0.324 -0.902 2.3852
0.325 0.231 2.4769
0.327 -0.733 1.2682
0.328 -0.059 3.139
0.329 0.32 4.7947
0.33 -0.621 2.455
0.336 -0.638 2.1692
0.34 -0.766 2.0524
0.343 -0.512 2.4796
0.345 0.372 3.8923
0.347 -0.309 1.925
0.35 -0.65 1.5833
0.35 -0.103 1.9382
0.353 0.373 3.739
0.357 0.612 3.7846
0.362 -0.184 2.2905
0.364 -0.433 2.3381
0.369 0.85 3.2893
0.37 0.374 2.8877
0.371 -0.863 2.6711
0.371 0.17 4.3338
0.375 -0.93 1.6336
0.376 0.149 2.8718
0.378 0.299 3.3483
0.378 0.721 3.113
0.38 -0.717 1.8199
0.38 0.617 2.4967
0.38 0.989 3.5858
0.385 -0.253 1.6711
0.387 0.682 3.2366
0.388 0.035 2.662
0.389 0.041 2.5983
0.39 -0.969 1.3931
0.393 -0.856 0.65604
0.394 0.445 3.4746
0.395 0.412 3.8599
0.398 -0.792 1.2247
0.398 -0.72 1.246
0.398 0.207 2.6216
0.401 -0.038 2.6602
0.401 0.313 3.268
0.406 0.944 1.8986
0.412 -0.072 2.7044
0.417 0.235 3.5449
0.418 0.184 2.7514
0.419 0.03 2.5129
0.421 -0.511 1.5264
0.425 -0.873 0.42725
0.429 -0.142 2.5103
0.429 0.03 2.0362
0.43 0.774 2.5845
0.432 0.714 3.1533
0.433 -0.695 1.2543
0.433 0.691 3.5579
0.435 0.664 1.8307
0.435 0.7 2.6366
0.436 -0.989 1.3792
0.436 -0.824 1.5291
0.436 -0.701 0.98737
0.436 0.221 1.957
0.437 -0.627 1.1986
0.443 -0.267 1.6255
0.445 0.553 2.7336
0.446 0.372 3.4695
0.447 -0.96 0.87701
0.447 -0.306 1.8395
0.45 0.399 2.2388
0.45 0.84 4.4616
0.451 0.027 2.4405
0.451 0.751 3.3082
0.457 -0.891 1.3996
0.457 0.725 3.7281
0.46 0.092 2.3069
0.46 0.604 3.8441
0.465 -0.232 1.8548
0.467 0.616 2.6705
0.473 -0.168 2.2463
0.473 0.941 4.2778
0.487 -0.654 1.7592
0.488 -0.935 0.29476
0.492 0.332 2.4346
0.493 -0.269 0.80303
0.493 0.999 3.7439
0.495 0.383 2.679
0.497 -0.099 2.2151
0.498 0.27 2.9439
0.499 -0.923 0.67743
0.499 0.168 2.7158
0.499 0.477 1.8893
0.502 0.12 2.7172
0.502 0.17 1.5276
0.507 -0.702 0.7351
0.507 -0.654 2.2608
0.509 0.908 4.8545
0.51 -0.745 1.9941
0.513 -0.492 2.4508
0.515 -0.774 1.2273
0.521 0.666 4.0174
0.527 -0.278 2.4601
0.53 0.984 5.94
0.531 0.97 2.8444
0.535 0.563 3.7621
0.538 -0.301 2.2526
0.54 -0.957 1.7975
0.544 -0.214 3.4343
0.544 -0.165 3.1626
0.547 -0.195 2.9664
0.549 -0.326 3.0882
0.551 0.872 6.6549
0.552 0.877 4.4734
0.558 0.384 4.1999
0.562 -0.177 3.1279
0.569 0.826 5.1667
0.57 0.124 2.8309
0.571 -0.502 3.0351
0.572 -0.567 1.783
0.577 -0.559 2.5617
0.581 0.788 5.1692
0.585 -0.146 3.7245
0.585 0.691 4.4268
0.586 -0.991 2.0117
0.59 0.693 5.8804
0.595 -0.951 2.3813
0.597 0.213 3.9869
0.598 -0.961 2.4267
0.599 0.39 5.2021
0.601 -0.075 4.5328
0.602 0.951 4.9621
0.605 -0.789 2.5138
0.609 -0.117 4.0988
0.609 0.564 4.8472
0.611 -0.925 3.2175
0.617 0.611 5.3506
0.618 -0.354 3.4915
0.619 -0.464 4.3876
0.619 -0.448 4.3494
0.619 0.474 4.5695
0.62 0.999 6.6472
0.621 0.019 6.1605
0.624 -0.578 4.1783
0.628 0.049 4.4702
0.628 0.378 6.9304
0.629 0.518 5.0365
0.632 0.392 6.3997
0.633 -0.157 4.0073
0.633 0.031 5.0765
0.639 0.129 4.875
0.643 0.824 7.6191
0.644 -0.727 3.7894
0.645 0.985 8.1222
0.646 -0.664 4.0967
0.648 0.93 7.4406
0.65 -0.916 4.0046
0.65 -0.768 4.1321
0.652 -0.486 4.7648
0.655 0.024 5.9191
0.657 -0.742 3.8929
0.657 -0.279 4.8901
0.661 -0.13 4.8451
0.661 0.384 6.1615
0.662 0.203 5.6436
0.666 -0.394 4.3777
0.667 -0.096 6.4308
0.674 -0.942 3.4084
0.675 0.935 8.254
0.679 0.481 5.7372
0.679 0.944 7.3054
0.68 0.409 6.9293
0.686 0.282 7.1696
0.687 -0.664 5.2027
0.688 -0.281 5.3584
0.691 0.532 8.8734
0.695 0.726 6.9576
0.697 -0.823 5.5408
0.702 -0.334 5.5787
0.705 0.791 8.198
0.707 0.495 7.8143
0.71 0.507 6.7888
0.713 -0.89 5.0926
0.713 1 9.9103
0.715 0.729 8.7559
0.718 0.589 8.6244
0.719 0.147 6.5096
0.72 -0.189 6.9546
0.72 0.12 6.1546
0.722 -0.726 4.8193
0.722 -0.149 7.156
0.726 -0.448 6.5724
0.726 -0.132 6.5502
0.726 0.625 7.8437
0.731 0.751 9.0495
0.734 0.446 8.3979
0.735 -0.784 5.1908
0.742 0.132 7.2948
0.743 -0.892 5.1379
0.745 -0.492 5.3197
0.748 -0.862 5.0508
0.75 -0.701 5.6279
0.751 -0.216 8.0986
0.751 0.701 8.65
0.752 -0.872 5.5075
0.752 -0.086 8.1986
0.756 0.295 7.6195
0.758 0.974 11.154
0.761 0.011 7.8649
0.761 0.204 8.8553
0.768 -0.624 6.597
0.768 0.494 9.3667
0.77 -0.614 6.5987
0.773 -0.394 7.0155
0.777 0.584 9.2808
0.778 -0.382 7.3968
0.778 0.448 8.2333
0.783 -0.044 7.1898
0.784 0.29 8.0052
0.786 0.554 9.5127
0.788 -0.824 6.1753
0.788 -0.79 6.2576
0.792 0.958 9.7599
0.794 -0.868 5.6694
0.801 0.242 8.7384
0.806 0.843 9.8824
0.808 -0.526 6.3348
0.81 -0.554 6.116
0.811 -0.692 6.0963
0.811 0.655 9.702
0.813 -0.561 7.1284
0.813 0.515 8.82
0.814 0.463 8.589
0.814 0.661 10.27
0.819 -0.915 5.7412
0.82 0.883 11.322
0.824 0.998 10.872
0.827 -0.573 5.8616
0.834 -0.217 7.3343
0.837 0.236 8.417
0.84 -0.374 6.1914
0.842 0.822 10.351
0.843 0.464 8.5272
0.844 0.32 8.1256
0.85 -0.323 5.8471
0.85 -0.188 7.4726
0.851 -0.276 6.9724
0.852 -0.274 8.0243
0.853 0.487 9.0255
0.854 0.22 8.1149
0.865 -0.668 5.3117
0.865 -0.246 7.3037
0.866 -0.155 6.7585
0.87 -0.124 7.1737
0.871 -0.069 8.2575
0.873 0.078 8.5162
0.873 0.762 9.3625
0.874 -0.55 5.3055
0.879 0.14 7.8381
0.883 0.011 6.792
0.885 0.852 10.487
0.889 0.532 7.337
0.892 -0.626 4.9637
0.893 -0.86 5.1133
0.898 -0.626 5.8623
0.899 -0.807 4.0577
0.9 -0.2 7.7706
0.902 -0.59 5.7476
0.903 -0.49 6.4246
0.905 -0.848 4.9382
0.906 -0.273 6.5043
0.909 -0.482 5.5625
0.91 -0.7 3.8897
0.91 0.296 7.609
0.913 0.001 7.3325
0.913 0.178 8.0671
0.913 0.76 8.7128
0.915 0.789 10.204
0.917 -0.242 6.3723
0.918 -0.676 6.027
0.92 0.086 6.9784
0.922 0.225 7.7105
0.925 -0.235 5.6765
0.927 -0.643 4.708
0.927 0.928 10.372
0.93 -0.271 5.0187
0.933 0.22 7.8143
0.934 -0.821 3.698
0.934 -0.662 4.73
0.934 0.607 7.8288
0.936 0.721 8.951
0.937 0.376 6.6801
0.937 0.835 8.199
0.939 0.768 8.6938
0.942 -0.978 4.1577
0.942 0.34 6.4581
0.947 -0.743 4.2411
0.948 -0.69 4.3447
0.951 -0.085 5.8124
0.953 -0.223 5.0396
0.957 -0.932 3.9413
0.962 0.918 9.4454
0.965 0.93 9.663
0.969 0.199 6.3858
0.97 -0.494 4.5012
0.97 0.911 8.6341
0.972 0.457 6.9095
0.974 0.938 8.117
0.975 0.61 7.7779
0.978 0.186 7.2425
0.978 0.471 5.8356
0.981 -0.997 3.6083
0.981 0.138 6.8442
0.983 0.729 7.6556
0.985 -0.165 4.6239
0.989 0.965 8.3676
0.991 0.964 9.1871
0.992 0.187 6.8143
0.994 -0.518 4.884
1 -0.987 3.3077
1 0.604 8.3698
